#s:1|Lift 0|-1|-1|1|-1|21|-1|1|       |       |       |
#s:2|Casilla 01|1|12|2|-1|-1|-1|1|       |       |       |
#s:3|Casilla 02|2|7|3|-1|-1|-1|1|       |       |       |
#s:4|Casilla 03|3|6|-1|5|-1|-1|1|       |       |       |


#s:5|Start|-1|5|-1|-1|-1|-1|1|       |       |       |
#s:6|Room 2|-1|-1|-1|6|-1|-1|1|       |       |       |


#s:7|Casilla 04|-1|8|-1|7|-1|-1|1|       |       |       |
#s:8|Casilla 05|9|-1|-1|8|-1|-1|1|       |       |       |
#s:9|Room 3|10|-1|9|-1|-1|-1|1|       |       |       |
#s:10|Hidden|-1|-1|10|11|-1|-1|1|       |       |       |
#s:11|Hidden Passage|-1|11|-1|-1|-1|-1|1|       |       |       |
#s:12|Generator Room|-1|-1|-1|12|-1|-1|1|       |       |       |

#s:13|Lift 1|-1|-1|13|-1|23|21|1|       |       |       |

#s:14|Casilla 11|13|14|-1|-1|-1|-1|0|       |       |       |
#s:15|Casilla 12|17|15|-1|14|-1|-1|0|       |       |       |
#s:16|Casilla 13|-1|16|-1|15|-1|-1|0|       |       |       |
#s:17|Magnet Room|-1|-1|-1|16|-1|-1|0|       |       |       |

#s:18|Casilla 15|18|22|17|-1|-1|-1|0|       |       |       |
#s:19|Casilla 16|-1|-1|18|19|-1|-1|0|       |       |       |
#s:20|Lab|20|19|-1|-1|-1|-1|0|       |       |       |
#s:21|Pantry|-1|-1|20|-1|-1|-1|0|       |       |       |

#s:22|Venom Room|-1|-1|-1|22|-1|-1|0|       |       |       |




#s:23|Lift 2|-1|-1|24|-1|36|23|0|       |       |       |




#s:24|Casilla 21|24|25|-1|32|-1|-1|0|       |       |       |
#s:25|Casilla 22|26|-1|-1|25|-1|-1|0|       |       |       |
#s:26|Casilla 23|27|-1|26|-1|-1|-1|0|       |       |       |
#s:27|Casilla 24|35|-1|27|28|-1|-1|0|       |       |       |
#s:28|Casilla 25|-1|28|-1|29|-1|-1|0|       |       |       |

#s:29|Sanctuary|30|29|31|-1|-1|-1|0|       |       |       |
#s:30|Graveyard|-1|-1|30|-1|-1|-1|0|       |       |       |
#s:31|Storeroom|31|-1|-1|-1|-1|-1|0|       |       |       |

#s:32|Casilla 29|-1|32|-1|33|-1|-1|0|       |       |       |
#s:33|Casilla 30|34|33|-1|-1|-1|-1|0|       |       |       |
#s:34|Sacristy|-1|-1|34|-1|-1|-1|0|       |       |       |
#s:35|Studio|-1|-1|35|-1|-1|-1|0|       |       |       |




#s:36|Lift 3|-1|-1|37|-1|49|36|0|       |       |       |




#s:37|Casilla 34|37|-1|38|40|-1|-1|0|       |       |       |
#s:38|Casilla 35|38|-1|39|-1|-1|-1|0|       |       |       |
#s:39|Laser Room|39|-1|-1|48|-1|-1|0|       |       |       |

#s:40|Casilla 37|-1|40|-1|41|-1|-1|0|       |       |       |

#s:41|Casilla 38|43|41|44|42|-1|-1|0|       |       |       |
#s:42|Casilla 39|-1|42|-1|-1|-1|-1|0|       |       |       |
#s:43|Casilla 40|-1|-1|43|-1|-1|-1|0|       |       |       |

#s:44|Casilla 41|44|-1|45|-1|-1|-1|0|       |       |       |
#s:45|Casilla 42|45|47|-1|46|-1|-1|0|       |       |       |
#s:46|Casilla 43|-1|46|-1|-1|-1|-1|0|       |       |       |
#s:47|Casilla 44|-1|48|-1|47|-1|-1|0|       |       |       |




#s:48|Lift 4|-1|-1|50|-1|-1|49|0|       |       |       |



#s:49|Casilla 46|50|-1|51|-1|-1|36|0|       |       |       |
#s:50|Exit|51|-1|-1|-1|-1|36|0|       |       |       |



#p:1|>8D|5|4

#o:1|Red_Orb|6|1|0|21|0|0|-1|-1
#o:2|Hammer|5|1|0|10|0|0|-1|-1
#o:3|Rock|9|0|0|0|0|0|-1|-1
#o:4|Generator|12|1|0|1|0|0|-1|-1
#o:5|Key|12|1|0|6|0|0|-1|-1
#o:6|Switch|11|1|0|12|0|0|-1|-1


#o:7|Lantern|14|1|0|0|1|0|-1|-1
#o:8|Iron_Ball|17|1|1|20|0|0|9|-1
#o:9|Magnet|20|1|1|0|0|0|-1|-1
#o:10|Mask|21|1|1|22|0|0|-1|-1
#o:11|Green_Orb|22|1|1|23|0|0|-1|-1


#o:12|S.Key|31|1|1|34|0|0|-1|-1
#o:13|Bible|29|1|0|43|0|0|-1|-1
#o:14|Cross|34|1|0|30|0|0|-1|-1
#o:15|Tomb|30|0|0|0|0|0|-1|-1
#o:16|White_Orb|30|1|1|36|0|0|-1|-1
#o:17|L.Key|35|1|1|51|0|0|-1|-1
#o:18|Bread|31|0|0|0|0|0|-1|-1

#o:19|Shelf|41|0|0|0|0|0|-1|-1
#o:20|Key_2|42|1|0|46|0|0|-1|-1
#o:21|Wine|42|1|0|35|0|0|-1|-1
#o:22|L.Switch|43|1|0|39|0|0|23|-1
#o:23|ID|46|1|0|0|0|0|-1|-1
#o:24|Blue_Orb|39|1|0|49|0|0|-1|-1








#l:1|Lift|1|2|0
#l:2|Casilla 01|2|3|1
#l:3|Casilla 02|3|4|1

#l:5|Start|5|4|1
#l:6|Room_2|4|6|0

#l:7|Casilla 03|3|7|1
#l:8|Casilla 04|7|8|1

#l:9|Room 3|9|8|1
#l:10|Pathway|10|9|0
#l:11|Hidden Room|11|10|1
#l:12|Generator_Room|2|12|0

#l:13|Casilla 11|13|14|1
#l:14|Casilla 12|14|15|1
#l:15|Casilla 13|15|16|1
#l:16|Casilla 14|16|17|1

#l:17|Casilla 15|18|15|1
#l:18|Casilla 16|19|18|1
#l:19|Lab|20|19|1
#l:20|Pantry|21|20|0

#l:21|Floor_1|13|1|0

#l:22|Venom_Room|18|22|0

#l:23|Floor_2|23|13|0

#l:24|Casilla 21|23|24|1
#l:25|Casilla 22|24|25|1
#l:26|Casilla 23|26|25|1
#l:27|Casilla 24|27|26|1
#l:28|Casilla 25|28|27|1
 
#l:29|Sanctuary|29|28|1
#l:30|Graveyard|30|29|0
#l:31|Storeroom|29|31|1

#l:32|Casilla 29|32|24|1
#l:33|Casilla 30|33|32|1
#l:34|Sacristy|34|33|0

#l:35|Studio|35|27|0


#l:36|Floor_3|36|23|0


#l:37|Casilla 34|36|37|1
#l:38|Casilla 35|37|38|1

#l:39|Laser_Room|38|39|0


#l:40|Casilla 37|40|37|1
#l:41|Casilla 38|41|40|1
#l:42|Casilla 39|42|41|1
#l:43|Control_Room|43|41|0

#l:44|Casilla 41|41|44|1
#l:45|Casilla 42|44|45|1
#l:46|Security_Room|46|45|0
#l:47|Casilla 44|45|47|1
#l:48|Laser_Room|47|39|0

#l:49|Floor_4|48|36|0
#l:50|Casilla 46|48|49|1
#l:51|Exit|49|50|0


